-1.452426766611097264e+00
-1.767910115552695061e+00
-5.777660723339977267e+00
-2.677074143388199445e+01
-5.436078878756234189e-02
2.000463375457093207e+01
nan
7.553526433000024554e+01
5.218795245525689097e+01
7.190255843196155183e+01
nan
-2.439918697218672605e-01
6.065994715025135520e+01
-2.546226126787587418e-01
1.834258769134949034e+02
-7.558592031287844293e+00
1.278188776887873246e+00
3.518639476975022262e+01
9.856324031373333128e+01
7.354645608341343177e+00
9.884218548344506416e+00
-8.777132120514579583e+00
1.138935903923993465e+02
-1.745217779876657005e+01
3.623020552426987706e+01
4.711720093106123386e+00
2.157598948806480621e+01
-3.200085897100507282e+00
1.369751617809642994e+02
1.442190862764618942e+00
1.491673061020028399e+02
-3.808795819913939340e+00
-9.971933448041454540e-01
3.114975626365412609e+01
6.583894541288464097e+01
-2.750371428098696924e+01
4.109505065333905804e+00
1.120481654435116070e+01
1.421425324472693319e+02
-4.135151418495297548e-01
4.388501688606993412e+00
-9.238942254642097396e-01
3.520925455792166758e+00
-3.785263223297170043e+01
1.762239019575954444e+02
9.861915042361033557e+00
3.644909631249902304e+00
-8.591518256806921272e+00
2.252424950996291955e+02
-9.306625380859259167e-01
3.465257639340052265e+00
-3.727421156024593074e+01
-2.792381572346221219e+01
1.208037944535681163e+01
-2.897445299159699061e+00
-9.060605111011682311e+00
1.420995010870137776e+01
-5.683023299294291064e+00
-6.548803794878040208e+00
-5.540996422449097736e+00
1.824853327937671565e+01
1.811360036296719045e+00
3.527997717536800337e+01
3.540516015466891986e+00
1.962509237683298124e+01
-1.745081052811019617e+01
-1.909395863107420155e+00
2.525401690576472902e+00
-5.466851278196372732e+00
1.422056208159847301e+01
-3.334578333847275644e+00
5.091219933739012049e+00
-6.146114147093612701e+00
-3.072229788726872357e+00
5.319544028143354808e+00
7.902148812172526959e+00
nan
-5.754789638365764404e+00
-3.317267477062159742e+00
nan
nan
-2.759922247018948838e+00
8.547400944999026251e-01
-5.626940585052579991e-01
1.179602402169257402e+01
-2.675615354370165733e+00
1.548202195785052027e+00
-5.193512767747324688e+01
-8.012801964871869131e+00
-1.117511128793466924e+01
-1.584809312507786672e+00
-7.593500335807220836e+00
-7.823039731885728543e+00
-2.031954288571132565e+02
-2.979427563340686902e+01
1.525980102274661476e+01
1.557695509139193746e+01
-3.497711456860997714e+00
-2.164482055042753927e+00
-1.333176389931759331e+01
1.616663392269583710e+01
7.235692173084316892e+00
2.221086356421437813e-01
1.374252142508175893e+02
5.905916214687749743e+00
1.148185727355376002e+02
1.006407148111975403e+01
-3.874668470853066538e+00
-2.640190631032965030e+00
7.932137459524710721e+00
-3.295305099249162595e+00
-1.012656837701797485e+00
-1.179448765741472016e+01
5.893890429397288244e+00
nan
4.609225373296794714e-01
2.230916695372798131e+00
-1.826321182641368068e+01
4.761652214456262300e-01
-1.193956697117755539e+01
-1.751462897873352631e-01
nan
2.175929053009895142e-03
-6.344664506013941718e+00
-1.118395780862283573e+01
-2.060970661799547088e+01
-1.206072904177017335e+01
-1.134701246546865150e+01
6.437637753142553265e+00
8.575660979011445306e+00
2.410348666227037029e+00
6.521804533332942810e+01
-1.943247061774854956e+00
4.981012176773219835e+00
-1.382392379613429512e+01
