5.321359231031822674e+03 5.347081678978783202e+03 5.372244590459767096e+03 5.392690107812519273e+03 5.422709375293834455e+03 5.449512672515353188e+03 5.473258666526098750e+03 5.490101417048666917e+03 5.501198369113355511e+03 5.509740919614559061e+03 5.516565414941923336e+03 5.530243225599857396e+03 5.551751486547457716e+03 5.576635298902036084e+03 5.602349308020241551e+03 5.627985896821596725e+03 5.647068908139289306e+03 5.661189874983938353e+03 5.674373874621654977e+03 5.681628315680377455e+03 5.683379000450690000e+03 5.679729874632246720e+03
5.298084440254935544e+03 5.324823129103867359e+03 5.341554391549751927e+03 5.362380289995076055e+03 5.391795892005841779e+03 5.419741583941759018e+03 5.445608985460908116e+03 5.465015345871522186e+03 5.478485910349341793e+03 5.487390699674569987e+03 5.497287457423082742e+03 5.509852340828228080e+03 5.527962780841597123e+03 5.555491609161582346e+03 5.579536222989769158e+03 5.605961327096815694e+03 5.626586316959718715e+03 5.647339590454600511e+03 5.664395375119372147e+03 5.677726654122287982e+03 5.683108546500014199e+03 5.682351526354630550e+03
5.275181496099557080e+03 5.293236800003937788e+03 5.308891674180678820e+03 5.327363008680577877e+03 5.357267367823274071e+03 5.387447089055823199e+03 5.414025300693068857e+03 5.435655888398787283e+03 5.446732815302093513e+03 5.457853051001277890e+03 5.466556706659936026e+03 5.475856773485122176e+03 5.491027107914346743e+03 5.515498917690929375e+03 5.538524800591591884e+03 5.562218877421160869e+03 5.588340902612503669e+03 5.617949666150455414e+03 5.642007399148998957e+03 5.663244870290092877e+03 5.675748381203421559e+03 5.679510907385439168e+03
5.255069332668757852e+03 5.268342461484966407e+03 5.278966980798131772e+03 5.297325231382618767e+03 5.330194074179922609e+03 5.360552915046767339e+03 5.385699794673596443e+03 5.405097000698915508e+03 5.414153491267810750e+03 5.423086132666831872e+03 5.428927418492648940e+03 5.434312772885876257e+03 5.446363781726129673e+03 5.467693101484101135e+03 5.487108722195327573e+03 5.509415316689624888e+03 5.537733648620130225e+03 5.567912399161416943e+03 5.606075084633749611e+03 5.639198051084190411e+03 5.662658953951194235e+03 5.674548189012621151e+03
5.236556714514617852e+03 5.244995448696884523e+03 5.255541318200989735e+03 5.279593511477894026e+03 5.313436242193419275e+03 5.345822053382255035e+03 5.369404590793114949e+03 5.387199528786777591e+03 5.393263070796622742e+03 5.396082552699441294e+03 5.396594458153062078e+03 5.401061117582980842e+03 5.410672959845557671e+03 5.428807774182057074e+03 5.445724834732093768e+03 5.460365814108758059e+03 5.489958178613786004e+03 5.518128050194484786e+03 5.563430199758014169e+03 5.606268433982581882e+03 5.645994269836790409e+03 5.666834438591656181e+03
5.217802633481995144e+03 5.227679623435993562e+03 5.237606819695968625e+03 5.267807338532162248e+03 5.306568204183340640e+03 5.343151311517469367e+03 5.366880087131875371e+03 5.380839926774261585e+03 5.385751352993979708e+03 5.388588259711857972e+03 5.387770838019855546e+03 5.388326607394463281e+03 5.396772785825090978e+03 5.409080047335250129e+03 5.419039613200357053e+03 5.430046768172052907e+03 5.451083406421572363e+03 5.478424742629515094e+03 5.525048786074772579e+03 5.584432090786577646e+03 5.625585737839318426e+03 5.652013618716086057e+03
5.204758610659540864e+03 5.216197111996774765e+03 5.231112283923505856e+03 5.263984741646393559e+03 5.306691685847174995e+03 5.345306978461623657e+03 5.371638922298854595e+03 5.387622590077318819e+03 5.392449280338439166e+03 5.397817133944863599e+03 5.398641368329760553e+03 5.399378754353580916e+03 5.403977392782502648e+03 5.410830850893397837e+03 5.416985116874187042e+03 5.425089186771370805e+03 5.422781003798344500e+03 5.456086377728245679e+03 5.508726977419813011e+03 5.561509765723847522e+03 5.610423934872011159e+03 5.644052457786417108e+03
5.203521041210854492e+03 5.210812729122657402e+03 5.233305871502274385e+03 5.269029682299546948e+03 5.313317910811802903e+03 5.350966500621895648e+03 5.380915231301389213e+03 5.399456560456738771e+03 5.408349093763564269e+03 5.412543425576191112e+03 5.415690950927181802e+03 5.421729659199899288e+03 5.423260431723721922e+03 5.417718296196750998e+03 5.419671271470865577e+03 5.418864221605333114e+03 5.421374264070340359e+03 5.447413558039147574e+03 5.493048244630475892e+03 5.546153355071863189e+03 5.594330545969331979e+03 5.636880644192157888e+03
5.209017742276479112e+03 5.221674603607448262e+03 5.244583933626946418e+03 5.282485673703104112e+03 5.323161022762336870e+03 5.360327222844672178e+03 5.390489377882169720e+03 5.411729142187786238e+03 5.425578529720640290e+03 5.432057980111608231e+03 5.435246251621959345e+03 5.440093398480100404e+03 5.437587783842337558e+03 5.431297586135817255e+03 5.425550849325657509e+03 5.419107142933042269e+03 5.414939082210372362e+03 5.439779540137673393e+03 5.481638086903081785e+03 5.531346807134314076e+03 5.576000402947711336e+03 5.626444046898290253e+03
5.217064322139442083e+03 5.238138899043730817e+03 5.257411863295338662e+03 5.296543088731890748e+03 5.333556075392461935e+03 5.365592570514165345e+03 5.400137210847693495e+03 5.428290641232404596e+03 5.446588823190170842e+03 5.454812202626580074e+03 5.456280048624745177e+03 5.453172444824651393e+03 5.445251963864142454e+03 5.436591959144998327e+03 5.424943869833528879e+03 5.414872265539061118e+03 5.405429465525553496e+03 5.424520124964911702e+03 5.464202970791339794e+03 5.510641363554574127e+03 5.555828564756683591e+03 5.615305867676698654e+03
5.218769203324315640e+03 5.241878328394952405e+03 5.271112292772123510e+03 5.309333740809822302e+03 5.342556167508992985e+03 5.376738602049956171e+03 5.414346526327529318e+03 5.449981783547381383e+03 5.471031343682109764e+03 5.479121985046397640e+03 5.478037775127359964e+03 5.470859243295750275e+03 5.457791910396073945e+03 5.443937930424437582e+03 5.432390303220200622e+03 5.415086380546224063e+03 5.399633762485140323e+03 5.410480502351861105e+03 5.445378925892358893e+03 5.490841027257065434e+03 5.540408008070896358e+03 5.609781509436153101e+03
5.212759534738543152e+03 5.239453070145694255e+03 5.271431833712388652e+03 5.316476044932454897e+03 5.357394905994638975e+03 5.396193130893424495e+03 5.438482443470587896e+03 5.473906085757306755e+03 5.495650240429202313e+03 5.503212803856252322e+03 5.502290101985216097e+03 5.493882094778909959e+03 5.480336924886440102e+03 5.467297684132782706e+03 5.452686998917693927e+03 5.432823535238774639e+03 5.409846911832869409e+03 5.410927922973462046e+03 5.434535482976806634e+03 5.485601051551844648e+03 5.540486880180198568e+03 5.608742922045922569e+03
5.196190323301195349e+03 5.222453140479924514e+03 5.271286545249181472e+03 5.331212534531168785e+03 5.386173511221092667e+03 5.430372006849525860e+03 5.465976267146567807e+03 5.500751811829668441e+03 5.520352920325995910e+03 5.528894805714664471e+03 5.530894209894637243e+03 5.523793880528766749e+03 5.513627139315009117e+03 5.507657125380351317e+03 5.497841644243716473e+03 5.471285277214574307e+03 5.447022609048528466e+03 5.437007705575594628e+03 5.457875229485278396e+03 5.506908985640908213e+03 5.562231853896018947e+03 5.615036572464629899e+03
5.164043471773894453e+03 5.218521319856477930e+03 5.287659408038271977e+03 5.354478356443805751e+03 5.418483943839989479e+03 5.458147918626686987e+03 5.487168374143911933e+03 5.516580424917542587e+03 5.541198139066858857e+03 5.555379407179367263e+03 5.557049683884684782e+03 5.556845582591668062e+03 5.557530399108367419e+03 5.560238022658434602e+03 5.554630396358565122e+03 5.526329336519841490e+03 5.496653738996068569e+03 5.484035577802994339e+03 5.503542552441323096e+03 5.553725440157699268e+03 5.610555222123131898e+03 5.662224508266019257e+03
5.141072359092661827e+03 5.211864377085497836e+03 5.305555435762064917e+03 5.382692806624348123e+03 5.437128799200146204e+03 5.472390005892497356e+03 5.495907254694367111e+03 5.525666302307542537e+03 5.554109790418558987e+03 5.577898086940615940e+03 5.590089374660339672e+03 5.596534711759299171e+03 5.608175847099952989e+03 5.614863796627892953e+03 5.612231501804227264e+03 5.587603248102716861e+03 5.557792759914304952e+03 5.550705158834976828e+03 5.568796022589361201e+03 5.617810315936229017e+03 5.667429180477944101e+03 5.716177350752387611e+03
5.141306840737759558e+03 5.221506596981634175e+03 5.325566064072605514e+03 5.397809765149059785e+03 5.445017024051569024e+03 5.477003044143321858e+03 5.500571241186148654e+03 5.531738620215855008e+03 5.568152008106696485e+03 5.596463440680728127e+03 5.618654311088929717e+03 5.637058224945980328e+03 5.647475826472345943e+03 5.657069014574914945e+03 5.653925219143855429e+03 5.640020128728484451e+03 5.625628356655831340e+03 5.624288236418087763e+03 5.652371581559537844e+03 5.689579441285368375e+03 5.732436748704020829e+03 5.774509476540062678e+03
5.175025202398897818e+03 5.259872642184137476e+03 5.351469827510511095e+03 5.416703705393199016e+03 5.454104314984464509e+03 5.483354394579924701e+03 5.515237377478176313e+03 5.548267045828612027e+03 5.583099587645958309e+03 5.616612763336231183e+03 5.639109433967437326e+03 5.662287686801339078e+03 5.672311704447904958e+03 5.688643498966717743e+03 5.695969133135765333e+03 5.689283208763331459e+03 5.688604668264295469e+03 5.698126325634435489e+03 5.719568153546392750e+03 5.752137122384203394e+03 5.788309568651352492e+03 5.823377826966580869e+03
5.220528199472435517e+03 5.302706153046739018e+03 5.379162743323028735e+03 5.432602388976763905e+03 5.469688290548011537e+03 5.502005755958834925e+03 5.540757157167165133e+03 5.572868695797034889e+03 5.600983721275581956e+03 5.634500918656642170e+03 5.657222041635170172e+03 5.680312005827599023e+03 5.695658112814442575e+03 5.713520165440040728e+03 5.729064382989227852e+03 5.737446604979747462e+03 5.748103822270593810e+03 5.755911748359019839e+03 5.772392275982481806e+03 5.797000052709945521e+03 5.826438932542832845e+03 5.854086811055803082e+03
5.262843292628453128e+03 5.340933793322980819e+03 5.404001028735640830e+03 5.450468345275381580e+03 5.484347872866715079e+03 5.528546034530971156e+03 5.569673056426151561e+03 5.597587654460757221e+03 5.623125294847259283e+03 5.649363286708593478e+03 5.675546733323290937e+03 5.701705032731439132e+03 5.713797276496969971e+03 5.733319898720854326e+03 5.754503247701057262e+03 5.775147183819908605e+03 5.789557723937752598e+03 5.800763987583914968e+03 5.808159654938619497e+03 5.824293202645769270e+03 5.847647800045457188e+03 5.869472599491228721e+03
5.294089447555221341e+03 5.367879285359776077e+03 5.429771150674579985e+03 5.466554895886123631e+03 5.516188598032194022e+03 5.560473207165531676e+03 5.592885252928927002e+03 5.619972724760851634e+03 5.646986987528244754e+03 5.673200273266963450e+03 5.697748142042489235e+03 5.720209371696164453e+03 5.736021740914451584e+03 5.756787756639054351e+03 5.780042803947135326e+03 5.798558731566984534e+03 5.813738158808759181e+03 5.827459265730811239e+03 5.832089211623248957e+03 5.841539744870297000e+03 5.852859543567395121e+03 5.870143180203480370e+03
5.315105162477610975e+03 5.392804390875422541e+03 5.429594682832263970e+03 5.497807740105829907e+03 5.548731303489640595e+03 5.586687056242976723e+03 5.617823050976948252e+03 5.642985563789873595e+03 5.668986750834935265e+03 5.694314924933272778e+03 5.717947741998475976e+03 5.737370674596749268e+03 5.759046304843873259e+03 5.776809443606688546e+03 5.797839212489562669e+03 5.818427087414284870e+03 5.832388561775588641e+03 5.843015054107823744e+03 5.847223033421912987e+03 5.847462729876988305e+03 5.855440123886999572e+03 5.865387627688696739e+03
5.321076152201405421e+03 5.403970617287774985e+03 5.453222199510730206e+03 5.523215484990052573e+03 5.576627881573895138e+03 5.610457061942190194e+03 5.640765090928043719e+03 5.666325634880085090e+03 5.689597420489277283e+03 5.710036556538723744e+03 5.732073212145664002e+03 5.751804838941808157e+03 5.776866170671273721e+03 5.793618736400228045e+03 5.812444475235334721e+03 5.831853253532553936e+03 5.846270827977552472e+03 5.856799195334565411e+03 5.860386169778082149e+03 5.859524357760658859e+03 5.857606873361045473e+03 5.857732882028430140e+03
5.331994583236582002e+03 5.410778068510633602e+03 5.481102822653927433e+03 5.540464270235628646e+03 5.592716993603035917e+03 5.629557979053050076e+03 5.660134031541175318e+03 5.685058296107558817e+03 5.705680811721003010e+03 5.724699517932068375e+03 5.744662691831834309e+03 5.762083581113346554e+03 5.785704602622067796e+03 5.807205263877508514e+03 5.824001636840167521e+03 5.840205689340726167e+03 5.853190216344895816e+03 5.865493606507230652e+03 5.872733843030168828e+03 5.872067601554998873e+03 5.862102348624912338e+03 5.861530946564664191e+03
5.347270518973772596e+03 5.433681016056252702e+03 5.501082941219588065e+03 5.560204186790909262e+03 5.606338788207921425e+03 5.638904659124982572e+03 5.670902184982962353e+03 5.696705090462249245e+03 5.717486637828672428e+03 5.736014395657638488e+03 5.755754884011204012e+03 5.772834348510165910e+03 5.792371031371112622e+03 5.812257064963308039e+03 5.829369432979759040e+03 5.842740926387749823e+03 5.856260655149066224e+03 5.867435763287238842e+03 5.876487559971005794e+03 5.871411390727152138e+03 5.869373327023196907e+03 5.864833788573060701e+03
5.372901939550333736e+03 5.458792324094813921e+03 5.521070083691968648e+03 5.571274207434701566e+03 5.611929781975377409e+03 5.641859594135121370e+03 5.670773595130645845e+03 5.698169062313711947e+03 5.722841336230784691e+03 5.745661071103438189e+03 5.764048383629682576e+03 5.781672073387230739e+03 5.800062196477781981e+03 5.816517728819458171e+03 5.831515516559813477e+03 5.843726858864161841e+03 5.856333611418130204e+03 5.869038437400943621e+03 5.876939051510443278e+03 5.875810362324026755e+03 5.875133711528190361e+03 5.875600644260589434e+03
5.411507206924544334e+03 5.477116458859549311e+03 5.531867045638525269e+03 5.576071784004516303e+03 5.607466052151618896e+03 5.636855786688121043e+03 5.663462467732194455e+03 5.694552877200433613e+03 5.722390233137017276e+03 5.751577742356113049e+03 5.771905093871683675e+03 5.789674651322461614e+03 5.805402195828150980e+03 5.818907542289404773e+03 5.832560440296308116e+03 5.847211477896041288e+03 5.860293885559476621e+03 5.870625430374907410e+03 5.879084548472127608e+03 5.880834596254138887e+03 5.879382274804782355e+03 5.875957087407722611e+03
5.441286230670667464e+03 5.494680141214093965e+03 5.541447097669576578e+03 5.580953736219349594e+03 5.601663727076333089e+03 5.631402805141354293e+03 5.657414233707615494e+03 5.689321885923501213e+03 5.720518909442572294e+03 5.753006540299168591e+03 5.776409541923845609e+03 5.793201782822919085e+03 5.806104200538929945e+03 5.823785403092395427e+03 5.837749283458885657e+03 5.855195155108713152e+03 5.867637835031341638e+03 5.876542975622690392e+03 5.881274534604606743e+03 5.881666289877196505e+03 5.879132731175240224e+03 5.875945822997675350e+03
5.469318805375482043e+03 5.507751652187814216e+03 5.546450706492214522e+03 5.580314743973658551e+03 5.587044328960120765e+03 5.612455879794924840e+03 5.634182182086828107e+03 5.663448563634573475e+03 5.704489184362631931e+03 5.737835092254034862e+03 5.766395892395586998e+03 5.794912788839767018e+03 5.815385730445856098e+03 5.828867931479004255e+03 5.848800318406521910e+03 5.864940545156043299e+03 5.877556169803837292e+03 5.883852530799617853e+03 5.885950802009044310e+03 5.884920203427416709e+03 5.881742337136955939e+03 5.878080448594329937e+03
