5.328267200320166012e+03 5.344774505662644515e+03 5.376856508031020894e+03 5.405952623316466088e+03 5.425633265515351923e+03 5.457662284811286554e+03 5.476008617062079793e+03 5.487553225746753924e+03 5.494237847908822914e+03 5.496096374988614116e+03 5.497122243760279162e+03 5.509628023185568964e+03 5.532957854848180432e+03 5.556942778645729049e+03 5.591139135659651402e+03 5.615432460593978249e+03 5.642782648927452101e+03 5.644580438751768270e+03 5.654198452403501506e+03 5.659695034335883065e+03 5.659826889973500329e+03 5.660528527358221254e+03
5.298109624607395745e+03 5.314879475571571675e+03 5.327353265151058622e+03 5.365064495331869693e+03 5.400065009021208425e+03 5.415669130079137176e+03 5.443043859311737833e+03 5.477487933797146070e+03 5.485947890241100140e+03 5.486547607513201001e+03 5.491579604464030126e+03 5.503096257939578209e+03 5.525275118615239990e+03 5.547421446001773802e+03 5.580269105308857434e+03 5.599765870144913606e+03 5.624355442650219629e+03 5.641096513131965366e+03 5.654657177421131564e+03 5.655398341175582573e+03 5.662241480585028512e+03 5.662494465130786921e+03
5.261845933355795751e+03 5.276838567095327562e+03 5.301285124462329804e+03 5.318848282807728538e+03 5.348015377131173409e+03 5.384264640880036495e+03 5.415118113414679101e+03 5.443578766651375190e+03 5.469360975610882633e+03 5.473237783096506973e+03 5.477542123733724111e+03 5.487548377488288679e+03 5.507446406448474590e+03 5.518931911837043117e+03 5.535721709497646771e+03 5.563783119239990810e+03 5.592499618344636474e+03 5.627566076278892979e+03 5.632597851763690414e+03 5.651084913753216824e+03 5.659217640226258482e+03 5.660258955659526691e+03
5.249906886623810351e+03 5.260972944357800770e+03 5.275387130599195189e+03 5.299350968446559818e+03 5.329434945058147605e+03 5.366539395498526574e+03 5.387171047054093833e+03 5.393603980415201477e+03 5.421916298536393697e+03 5.429114780339215031e+03 5.432971425924338291e+03 5.438814371442636912e+03 5.455910374700181819e+03 5.455953652855234395e+03 5.483216853599957176e+03 5.519012847320552282e+03 5.551252595025375740e+03 5.552999817258549228e+03 5.616048070638563331e+03 5.637861726726688175e+03 5.648695659339157828e+03 5.651691345916001410e+03
5.236083098667273589e+03 5.245117243225102357e+03 5.256036491766248218e+03 5.277155913174142370e+03 5.318876088957877982e+03 5.356030535984458766e+03 5.375652467670676742e+03 5.384128663790951578e+03 5.389958784460205607e+03 5.391080038478481583e+03 5.393972868177320379e+03 5.398032170805287024e+03 5.404836156418405153e+03 5.413174166271787726e+03 5.446274926693559792e+03 5.469524962754229819e+03 5.478978124862042023e+03 5.510016048106334893e+03 5.560548501576776289e+03 5.614795568950524284e+03 5.628556250064079904e+03 5.633947340983513641e+03
5.220061260978863174e+03 5.228787510460401791e+03 5.239583833122234864e+03 5.262370609372296713e+03 5.311269235794693486e+03 5.350975822518550558e+03 5.371857653793391364e+03 5.378813143518754259e+03 5.379970838672918944e+03 5.386480187163157098e+03 5.391585663984958046e+03 5.387864462451559120e+03 5.392219961812688780e+03 5.398623339075505100e+03 5.412634726867771860e+03 5.439992465375686152e+03 5.442775354017826430e+03 5.471675037753259858e+03 5.527558657953573857e+03 5.570727001458751147e+03 5.600573825187037073e+03 5.618403911040435560e+03
5.196491276997242494e+03 5.218679835434811139e+03 5.230633708549536095e+03 5.262190646169425236e+03 5.304223810899409727e+03 5.344631802688916650e+03 5.373280406863823373e+03 5.389249691060932491e+03 5.389720485331959026e+03 5.396247943753225627e+03 5.400618072362114617e+03 5.398324770708362848e+03 5.405355628652292580e+03 5.411144021664654247e+03 5.418029830983665306e+03 5.431856598669240157e+03 5.428316418017418982e+03 5.454258887521414181e+03 5.482788474816186863e+03 5.574857345444446764e+03 5.590547133649033640e+03 5.597926242960283162e+03
5.197324613633877561e+03 5.209502842984168637e+03 5.230678469170959943e+03 5.264080576745610415e+03 5.308122404231807195e+03 5.352659826295858693e+03 5.379022178500211339e+03 5.397861672808479852e+03 5.406924490976403831e+03 5.414503748188243662e+03 5.419415005787599512e+03 5.422765272055836249e+03 5.426595848125386510e+03 5.428390645092745217e+03 5.427365720440689984e+03 5.433114066453467785e+03 5.427139505639491290e+03 5.446045066894916090e+03 5.495356826631422337e+03 5.566021646522197443e+03 5.580860046642605994e+03 5.587874787549333632e+03
5.196601877760958814e+03 5.211747434978587989e+03 5.240687356020995139e+03 5.276905568930351365e+03 5.316279015533343227e+03 5.361202897508907881e+03 5.389914697122956568e+03 5.407766056602484241e+03 5.423059072618877508e+03 5.431558926531601173e+03 5.436800370148858747e+03 5.440535250309252660e+03 5.440343826133401308e+03 5.438540627533226143e+03 5.429160297041045851e+03 5.430163040721933612e+03 5.427313349038248816e+03 5.427826402713075368e+03 5.496568025626523195e+03 5.557773717475837657e+03 5.572545026931739812e+03 5.580132709456062003e+03
5.208728632424788884e+03 5.229615977568709241e+03 5.264431339255121202e+03 5.301183290144227612e+03 5.337239566723806092e+03 5.368810603763409745e+03 5.395182978881150120e+03 5.424066916228870468e+03 5.445889317348505756e+03 5.455562622921289403e+03 5.453773367923340629e+03 5.455903013505181661e+03 5.452396300110757693e+03 5.434982169016101579e+03 5.425051593359467915e+03 5.427322698420297456e+03 5.415712373004115761e+03 5.417787326972799747e+03 5.454183268485024200e+03 5.523505912376798733e+03 5.539515688045747993e+03 5.551524963499330624e+03
5.213773080087666131e+03 5.234610227431277963e+03 5.266754213815908770e+03 5.304150893022600940e+03 5.342975965696504318e+03 5.377576829942859149e+03 5.411457055473700166e+03 5.445566577257221979e+03 5.472996392612484669e+03 5.481919245629434954e+03 5.474171985904165922e+03 5.470338639379482629e+03 5.464495676169706712e+03 5.436151271044768691e+03 5.429424676395758070e+03 5.428039247715640158e+03 5.410024994015435368e+03 5.408043806085902361e+03 5.451981148692290844e+03 5.490118093847711862e+03 5.524371280644768376e+03 5.542566373266558912e+03
5.219216480247548134e+03 5.239656722015527521e+03 5.268767727497559463e+03 5.308822306831006244e+03 5.354895941751765349e+03 5.398623551781526658e+03 5.434562811048424010e+03 5.477507752143646030e+03 5.501683408070868609e+03 5.509289219293455062e+03 5.500859359637635862e+03 5.488914593177911229e+03 5.483295706027834058e+03 5.472090972693928961e+03 5.456117988095829787e+03 5.448306915029717857e+03 5.399338951649334376e+03 5.407019439522182438e+03 5.467411974411144001e+03 5.496045305591792385e+03 5.523532230155412435e+03 5.553466136409766477e+03
5.222157109991541802e+03 5.245530671887398057e+03 5.278125772178183070e+03 5.327586105474590113e+03 5.385878831018175333e+03 5.430597263739941809e+03 5.464963862048787632e+03 5.495575685285579311e+03 5.524182276693353742e+03 5.532193083196422776e+03 5.534261991129392300e+03 5.523976760249563995e+03 5.516047941599167643e+03 5.508161611885238017e+03 5.502403924233331963e+03 5.479026748185870929e+03 5.443092925793541326e+03 5.429363507314545132e+03 5.458770322437637333e+03 5.514436976057647371e+03 5.553365010535799229e+03 5.620746018256208117e+03
5.165385265513828926e+03 5.206786486736142251e+03 5.299980120272789463e+03 5.363943562905609724e+03 5.424696750219917703e+03 5.458942477669683285e+03 5.485125676263333844e+03 5.507736342557609532e+03 5.533749774937366965e+03 5.558955471999237488e+03 5.564886496738941787e+03 5.556956270782517095e+03 5.552023277807358681e+03 5.556179727490427467e+03 5.555369426115612441e+03 5.531241948427017633e+03 5.494841024037556053e+03 5.472522206949230167e+03 5.500857723841929328e+03 5.559193843238327645e+03 5.634552956089572945e+03 5.662660563672598983e+03
5.136018220187566840e+03 5.191627519954948184e+03 5.326703543735861786e+03 5.397624290333136742e+03 5.449081785922451672e+03 5.475279870765180021e+03 5.498498466325722802e+03 5.522499103917803041e+03 5.555127342271964153e+03 5.585694625227017241e+03 5.591116054011660708e+03 5.591529477938497621e+03 5.599007757767193652e+03 5.630950274207662005e+03 5.629990377076108416e+03 5.584528835493410043e+03 5.569902269139679447e+03 5.576366405793742160e+03 5.582565980346056676e+03 5.617802230891164982e+03 5.677064108957273675e+03 5.702588877974148090e+03
5.121186580048378346e+03 5.196522299126398138e+03 5.296183662232311690e+03 5.415286982356673434e+03 5.455931642968683263e+03 5.486349046175982949e+03 5.513444405321642989e+03 5.542348138142938296e+03 5.580708009700375442e+03 5.600951787918538685e+03 5.628377118838247043e+03 5.624418156677491424e+03 5.639341584832217450e+03 5.668837380600945835e+03 5.671596474401296291e+03 5.614078399832697869e+03 5.617178395837176140e+03 5.633109484806153887e+03 5.654255626681342619e+03 5.683980435193180710e+03 5.718649397525470704e+03 5.740622979518718239e+03
5.161806839941193175e+03 5.233278923386672432e+03 5.317677364247592777e+03 5.421490487855073297e+03 5.462052953901385990e+03 5.499140429674701409e+03 5.537552630771856457e+03 5.553700346638833253e+03 5.586554328344636815e+03 5.611328534393654081e+03 5.650468565854740518e+03 5.662999650101273801e+03 5.672353024776180973e+03 5.688576889002805729e+03 5.694331103529791108e+03 5.676796980605461613e+03 5.664060751989109121e+03 5.704366494732064893e+03 5.712164033506678606e+03 5.753910107156722006e+03 5.809980399394798042e+03 5.829865144468350991e+03
5.218299698573167007e+03 5.327383546937004212e+03 5.382343641612256761e+03 5.430996292308716875e+03 5.475475895252871851e+03 5.511736818694689646e+03 5.545485604051231348e+03 5.575586604117860588e+03 5.596995167740451507e+03 5.625957628418860622e+03 5.670728422884629254e+03 5.684629831446683056e+03 5.695333751072774248e+03 5.707465198648773367e+03 5.727032981221490445e+03 5.747455866569100181e+03 5.756305311980332590e+03 5.765752402790044471e+03 5.775746822320529645e+03 5.792875590049180573e+03 5.835079066798405620e+03 5.850245133394676486e+03
5.278190610389589892e+03 5.350782110971278598e+03 5.400493929732549077e+03 5.450935610439754782e+03 5.494795655265866117e+03 5.540319221812601427e+03 5.569057891625487173e+03 5.597525275346691160e+03 5.629072999745326342e+03 5.644162804035484442e+03 5.683401687432625295e+03 5.697762151345343227e+03 5.713302178204972734e+03 5.731935942854014684e+03 5.752768859423427784e+03 5.775578323346338948e+03 5.784691168424576063e+03 5.792046473526075715e+03 5.802336831631906534e+03 5.815289252762009710e+03 5.840404345159670811e+03 5.857643197292986770e+03
5.309049996304626802e+03 5.375203298579558577e+03 5.426435184441994352e+03 5.469166373742364158e+03 5.524142731372792696e+03 5.560167935755932376e+03 5.592795856154954890e+03 5.622712933634865294e+03 5.650342855278522620e+03 5.679118303134767302e+03 5.701320689067313651e+03 5.716863509203705689e+03 5.735517896581674904e+03 5.756355798647775373e+03 5.771206358322798224e+03 5.796628106891667812e+03 5.816935072437574490e+03 5.825955945257715030e+03 5.828923557344484834e+03 5.832954562863376850e+03 5.844424480935912470e+03 5.852906926520295201e+03
5.320075505346633690e+03 5.371104791486787690e+03 5.449807340280101926e+03 5.501854338246752377e+03 5.551405929324904719e+03 5.582076599343031376e+03 5.618587278168564808e+03 5.638905179231584043e+03 5.670819921697754580e+03 5.696378506762519464e+03 5.717066915278985107e+03 5.738816677884107776e+03 5.759834762452454015e+03 5.778301098513653415e+03 5.792667943590342475e+03 5.820840076044503803e+03 5.837362497262752186e+03 5.843167278391162654e+03 5.845132792946110385e+03 5.846781355702984911e+03 5.844818997278400275e+03 5.840998234928356396e+03
5.326377356080743994e+03 5.373985112078658858e+03 5.453603040612538280e+03 5.525667617341568075e+03 5.570905249243492108e+03 5.613559075398382447e+03 5.653773330612866630e+03 5.664593801884408094e+03 5.694777919805617785e+03 5.711570775550184408e+03 5.732802367235149177e+03 5.751830339633361291e+03 5.775923439063662954e+03 5.796296504009477758e+03 5.809741243626737742e+03 5.820085294924819209e+03 5.850628996516509687e+03 5.855494880285072213e+03 5.855971520164984213e+03 5.857362580696662008e+03 5.853848617744798503e+03 5.847752105352745275e+03
5.336306714799574365e+03 5.405955452514532226e+03 5.482731926279867366e+03 5.552977975926559338e+03 5.584740236270178684e+03 5.633751641751952775e+03 5.669253310261038678e+03 5.681282838948940480e+03 5.703327097055526792e+03 5.721745396186506696e+03 5.738274422071805020e+03 5.761115073340663002e+03 5.786269834390015603e+03 5.804558969856551812e+03 5.820996346585402534e+03 5.831668176727139326e+03 5.848538425500911217e+03 5.864601078078324463e+03 5.868178740211527838e+03 5.867774651328479194e+03 5.863729563443803272e+03 5.858132987054136720e+03
5.366044961485565182e+03 5.435870138654592665e+03 5.512848632644928330e+03 5.560473183597752723e+03 5.606964580366774499e+03 5.642143420406809128e+03 5.675654550933193605e+03 5.697313209875429493e+03 5.721344902260395429e+03 5.739936975768170669e+03 5.749059869704578887e+03 5.771343537266011481e+03 5.795412338473848649e+03 5.812234697889476593e+03 5.827097745051519269e+03 5.847003022130341378e+03 5.859427817888234131e+03 5.864302881338278894e+03 5.866406870619629444e+03 5.875477242910526911e+03 5.875789479236303123e+03 5.874361465708725518e+03
5.347217066101911769e+03 5.481272853658738313e+03 5.528350301703819241e+03 5.573249213566634353e+03 5.604370114599450062e+03 5.643011843603586385e+03 5.668763869694279492e+03 5.693460679641289062e+03 5.721933314942332800e+03 5.745213145268834523e+03 5.756939358033715507e+03 5.784347807152516907e+03 5.799659066990802785e+03 5.817141428149058811e+03 5.831866038489359198e+03 5.837591227502764923e+03 5.857397753317726711e+03 5.868977927324544908e+03 5.872576964746473095e+03 5.872027425003027929e+03 5.874138278984534736e+03 5.876266879170788343e+03
5.402484619698983806e+03 5.499680935021245205e+03 5.537507239413646857e+03 5.574038044914955208e+03 5.605633295811284370e+03 5.636305848718702691e+03 5.662882087069335284e+03 5.692788866550089551e+03 5.721410799212802885e+03 5.748914490534337347e+03 5.771902974481678029e+03 5.791309245276908769e+03 5.806820683375703993e+03 5.820574489946739959e+03 5.829790138346791537e+03 5.842245164943507007e+03 5.855296980739783066e+03 5.867966509593629780e+03 5.874528610932865377e+03 5.877495331181889014e+03 5.879846885413453492e+03 5.880807118078938402e+03
5.435322793831726813e+03 5.501044140218838947e+03 5.535836459592641404e+03 5.571127483116241820e+03 5.603053147364235883e+03 5.630848183855652678e+03 5.658297108145387028e+03 5.690408888265071255e+03 5.721532581410505372e+03 5.752290492304987310e+03 5.775814201922563370e+03 5.794364961607049736e+03 5.810172138822512352e+03 5.827123692126990136e+03 5.834270402717089382e+03 5.848246537035510300e+03 5.863834925616250075e+03 5.879096753995587278e+03 5.878835162233536721e+03 5.881579610193031840e+03 5.882649841090053997e+03 5.882706876207520509e+03
5.466349856047971116e+03 5.498940050539246840e+03 5.527043065884096904e+03 5.559673771358723570e+03 5.595027992416198686e+03 5.624825974812417371e+03 5.652252909604667366e+03 5.682863625785538716e+03 5.719080767599535648e+03 5.751827559300765643e+03 5.776408027728582965e+03 5.795301290812292791e+03 5.811986725664412006e+03 5.831580647190929994e+03 5.841262636001709325e+03 5.870933406738710801e+03 5.882048661497583453e+03 5.888211548468907495e+03 5.882390565562747724e+03 5.883846160109123048e+03 5.884099434689066584e+03 5.883649798767362881e+03
