5.317355892112555011e+03 5.340468918362435033e+03 5.365502021572591730e+03 5.395303999330617444e+03 5.423372425807084255e+03 5.450195106464747369e+03 5.472054365583971048e+03 5.488997273043593850e+03 5.499235273013221558e+03 5.497243669590566242e+03 5.504040265172683576e+03 5.516671573791330047e+03 5.535706057433490059e+03 5.573781844640199779e+03 5.602863866955770391e+03 5.627103751107410972e+03 5.643413598378611823e+03 5.658564750759914205e+03 5.669637128983681578e+03 5.685498564819405146e+03 5.687119576969769696e+03 5.682771070270253404e+03
5.294428536326227004e+03 5.312245524247974572e+03 5.339812506722318176e+03 5.364350129088687936e+03 5.391797334013826912e+03 5.420477664252980503e+03 5.445708354148092440e+03 5.466235180659098660e+03 5.482090656592219602e+03 5.488393844749627533e+03 5.494453971526010719e+03 5.509653607948992430e+03 5.524908287403460236e+03 5.553336111153411366e+03 5.579675012814186630e+03 5.603641358243047762e+03 5.624679715484083317e+03 5.647387929486973917e+03 5.669275195860817803e+03 5.682771309407546141e+03 5.687220487555208820e+03 5.684903325483872322e+03
5.276605328878677028e+03 5.283547547020521961e+03 5.304445778408015940e+03 5.328437575812474279e+03 5.355324792972541218e+03 5.385278275514913730e+03 5.412810503981806505e+03 5.435192922363614343e+03 5.451866206433587649e+03 5.463441758981562089e+03 5.470164495518938566e+03 5.480177246691819164e+03 5.495531088210644157e+03 5.519095364119839360e+03 5.541152097097186015e+03 5.563590146663374981e+03 5.590034814026201275e+03 5.618697773585229697e+03 5.647581732699597524e+03 5.667808771323690053e+03 5.677963773413690433e+03 5.680133441868600130e+03
5.247719994854667675e+03 5.259677367253711054e+03 5.274401090900477357e+03 5.299198152722024133e+03 5.330905747272286135e+03 5.362158030607785804e+03 5.391407728298226175e+03 5.406088236138392858e+03 5.416265845519294999e+03 5.429464265142280055e+03 5.432772922413833840e+03 5.440092844051816428e+03 5.453781943129254614e+03 5.470963804083618015e+03 5.493592144289630596e+03 5.512455801738746231e+03 5.540007390801170914e+03 5.574849794032902537e+03 5.611663731605452085e+03 5.640116932300117696e+03 5.664581013662696023e+03 5.679050387833900459e+03
5.250137166489017545e+03 5.241351350153658132e+03 5.256189024260939732e+03 5.282360591180047777e+03 5.317221732298965435e+03 5.351091059572618178e+03 5.373049801647294771e+03 5.385096372659818371e+03 5.396949763526487914e+03 5.398287949938736347e+03 5.399178997335856366e+03 5.403159740358455565e+03 5.409674930497932110e+03 5.423089715371071179e+03 5.445265625505821845e+03 5.458894456603910839e+03 5.484537144212014027e+03 5.522160204764600167e+03 5.563635589509327474e+03 5.605582837488615041e+03 5.644913826364121633e+03 5.638355977828493451e+03
5.211702884939812975e+03 5.224820895725217270e+03 5.240595786435170339e+03 5.268817433658076880e+03 5.307837100857820587e+03 5.345216188373623481e+03 5.368773104611506824e+03 5.378944392124318256e+03 5.385594505099803428e+03 5.387797564965751008e+03 5.388200653798216990e+03 5.389513880537702789e+03 5.395318878562184182e+03 5.406709887139150851e+03 5.425882938434479911e+03 5.432606864629152369e+03 5.446322046945996590e+03 5.477794479326792498e+03 5.525018556067884674e+03 5.567066854056991360e+03 5.611307186592955986e+03 5.617891250092538939e+03
5.197010318488597477e+03 5.214970910724964597e+03 5.231811426213798768e+03 5.261500847644971145e+03 5.303706977247205941e+03 5.344589594253217001e+03 5.372634451308832467e+03 5.385610242563774591e+03 5.393489188201799152e+03 5.395744607761781481e+03 5.397572326977113335e+03 5.399084984340776828e+03 5.402400788603747969e+03 5.408532129551411344e+03 5.414826652667080452e+03 5.418382864957324273e+03 5.432954455070236691e+03 5.453699589230162019e+03 5.503901766888977363e+03 5.561017206516979059e+03 5.602090948216211473e+03 5.628298598082908939e+03
5.190687415128611974e+03 5.212194441372185793e+03 5.230384868670993455e+03 5.265189681688518249e+03 5.308816002940741782e+03 5.347370102338661127e+03 5.377733176414144509e+03 5.398390362415282652e+03 5.408205322757018621e+03 5.411702395269396220e+03 5.417008612134959549e+03 5.423339754445465587e+03 5.419799098677804068e+03 5.421535930571776589e+03 5.421082342309167871e+03 5.418743491620934947e+03 5.429017834243803009e+03 5.446868831511284043e+03 5.497769578240359806e+03 5.548655427859625888e+03 5.590488746749998427e+03 5.617965545707568708e+03
5.194142644255069172e+03 5.213627069618372843e+03 5.239148405045235450e+03 5.277929275600186884e+03 5.320387959214676812e+03 5.356894972089640760e+03 5.386920705866938988e+03 5.409667337107026469e+03 5.424800231465760589e+03 5.432242900990497219e+03 5.436135789610948450e+03 5.438833967561733516e+03 5.439344548992474301e+03 5.431491397647262602e+03 5.426860501584452322e+03 5.430092035295158894e+03 5.419865876097445835e+03 5.437253537848825545e+03 5.480434864009224839e+03 5.533249940901884656e+03 5.573599499418181949e+03 5.601204941090980356e+03
5.203573267641642815e+03 5.222399015155995585e+03 5.252623904664525071e+03 5.293018380296544819e+03 5.333167686099523053e+03 5.368223015749166734e+03 5.396816844442433649e+03 5.424646309076400030e+03 5.445151106829241144e+03 5.454575335330647249e+03 5.454854804302468438e+03 5.455118449264637093e+03 5.447683724417112899e+03 5.434658172615196236e+03 5.424865340058830043e+03 5.417030358063908352e+03 5.414684673858064343e+03 5.424007594832912218e+03 5.469541622073452345e+03 5.511609174372954840e+03 5.546755436429036308e+03 5.572935106319933766e+03
5.214337926688715925e+03 5.231264799442414187e+03 5.260954846320118122e+03 5.301618314784080212e+03 5.341719811567232682e+03 5.377160494757134074e+03 5.411874648724662620e+03 5.449157573574998423e+03 5.476160450295850751e+03 5.480206256795832815e+03 5.476518404037615255e+03 5.472492923360970053e+03 5.455145928288220603e+03 5.440256742204201146e+03 5.433762633746454412e+03 5.432274016780615057e+03 5.411550958147001438e+03 5.413327663359412327e+03 5.446064993602766663e+03 5.492012869169202531e+03 5.530098879946648594e+03 5.542189230075177875e+03
5.210521094774504490e+03 5.236946447607985647e+03 5.268777262291501756e+03 5.311007448222825587e+03 5.355924467185072899e+03 5.396686179773289041e+03 5.438082065116023841e+03 5.473196747216925360e+03 5.494505181543707295e+03 5.507939406285313453e+03 5.502009399349233718e+03 5.493285333346607331e+03 5.481584234647609264e+03 5.468517141658809123e+03 5.456909246054314281e+03 5.457229804187681111e+03 5.405057260174435214e+03 5.409351618623470131e+03 5.443851733478963070e+03 5.488827810468860662e+03 5.535172948952577826e+03 5.578099816979888601e+03
5.188583348526556620e+03 5.225675580701871695e+03 5.280775147568027023e+03 5.330491512134205550e+03 5.384355823335702553e+03 5.428006697320113744e+03 5.465145400822023475e+03 5.495777738343461351e+03 5.515355315011197490e+03 5.533634698663795461e+03 5.530098416424390962e+03 5.524939316818408770e+03 5.516236016741759158e+03 5.509916002861978086e+03 5.503311655059980694e+03 5.469208871827439907e+03 5.448551499387932381e+03 5.438454391482066967e+03 5.462708934344057525e+03 5.514342982604966892e+03 5.568691974815762478e+03 5.618783832115950645e+03
5.162914148374753495e+03 5.209170235490119921e+03 5.275272426538662330e+03 5.366559830499021700e+03 5.420475730857166127e+03 5.456792034500178488e+03 5.482429657536049490e+03 5.510551446192840558e+03 5.534658141269683256e+03 5.554082685732828395e+03 5.559834438299747490e+03 5.558024498881834916e+03 5.552283944567367143e+03 5.559531891796848868e+03 5.561608533778157835e+03 5.531313062136594453e+03 5.494840970665426539e+03 5.483964680261646208e+03 5.504841141046802477e+03 5.554453285656994922e+03 5.613149729950498113e+03 5.649245425958142732e+03
5.126411273268903642e+03 5.198326445737885479e+03 5.288440007762648747e+03 5.399622539524049898e+03 5.445598017208398232e+03 5.474584305488879181e+03 5.496638602588312096e+03 5.527166447651084127e+03 5.552418043796267739e+03 5.579788769269599470e+03 5.592439952680534589e+03 5.596350503093864972e+03 5.599048620613792991e+03 5.610430892621887324e+03 5.613768427831576446e+03 5.589773918487107949e+03 5.555469343794911765e+03 5.550370519699849865e+03 5.573495451512499130e+03 5.621146209444570559e+03 5.670215580771635359e+03 5.709760946836439871e+03
5.134013166060859476e+03 5.198158644413990260e+03 5.289658024325514816e+03 5.392187202737198277e+03 5.456663851849587445e+03 5.481793033949442361e+03 5.504376400474037837e+03 5.535809950941705210e+03 5.565874736500501058e+03 5.600765818730968022e+03 5.619878612873123529e+03 5.631987654587705947e+03 5.643993132387955484e+03 5.657241480746189154e+03 5.653742674725758661e+03 5.632354649502939537e+03 5.620570992547386595e+03 5.632384401526623151e+03 5.642452820328708185e+03 5.683389405587639885e+03 5.742088137106402428e+03 5.769733314194779268e+03
5.164714495403354704e+03 5.244714080988147543e+03 5.320280399520243918e+03 5.397917565077325889e+03 5.461494289093202497e+03 5.492046323067300364e+03 5.524135143375377993e+03 5.553492937767927287e+03 5.581102259025989042e+03 5.615554476902800161e+03 5.646144422558121732e+03 5.656767445578853767e+03 5.684242957759589444e+03 5.681073792611246063e+03 5.701255180391989597e+03 5.683247961384066912e+03 5.688991622823610669e+03 5.697549577179363041e+03 5.712052112114501142e+03 5.755541720484222424e+03 5.797992904691155672e+03 5.822832156815940834e+03
5.211422135447443907e+03 5.292340655494098428e+03 5.357898854084691266e+03 5.432445979831183649e+03 5.471473415372361160e+03 5.511744216637679529e+03 5.550684396558141998e+03 5.571446230649353311e+03 5.597154037505875749e+03 5.625872984544362225e+03 5.655703671892069906e+03 5.682892874997288345e+03 5.695283444144694840e+03 5.708946139871355626e+03 5.724489687788128322e+03 5.744272509406415338e+03 5.758177499247673040e+03 5.756341521235744040e+03 5.764738800952378369e+03 5.774718187467067764e+03 5.830141201516806177e+03 5.853619147482691005e+03
5.264076386002352592e+03 5.341537602710748615e+03 5.398009086091707104e+03 5.446526839467222089e+03 5.492188596113958738e+03 5.535410150108605194e+03 5.571851829734187049e+03 5.596994175075681596e+03 5.622892027945554219e+03 5.650423373279152656e+03 5.668526646626650290e+03 5.700078973444691655e+03 5.714866096519865096e+03 5.732318881309503922e+03 5.751235433741879206e+03 5.771917600159516951e+03 5.785185117473388345e+03 5.798843805445500948e+03 5.806467532776278858e+03 5.824284329717263972e+03 5.844393921447113826e+03 5.863101894312842887e+03
5.296416193727990503e+03 5.366630302070346261e+03 5.410596061830574399e+03 5.473585441821057429e+03 5.523173530171815401e+03 5.563000337290211974e+03 5.591669289796263001e+03 5.621604301026794928e+03 5.647462696617139045e+03 5.672018983218094945e+03 5.698951809137603050e+03 5.719124090389468620e+03 5.736392911276730047e+03 5.756204293528369817e+03 5.776075956250007948e+03 5.797671930837685977e+03 5.816245024874251612e+03 5.822449732945566211e+03 5.828513951858670225e+03 5.833536075682813134e+03 5.849449600691756132e+03 5.863792746769507175e+03
5.304696914793170436e+03 5.375802200883352270e+03 5.427786766249309949e+03 5.505812386406900259e+03 5.548347605295586618e+03 5.581901717279348304e+03 5.613478831457222441e+03 5.641749472544778655e+03 5.669791741485728380e+03 5.696668897797644604e+03 5.717181128659192836e+03 5.737639065271459913e+03 5.759174225624251449e+03 5.778281525752202469e+03 5.792906017551268633e+03 5.817369518201264327e+03 5.833251194871989355e+03 5.843517568205669704e+03 5.847137544275007713e+03 5.847418540094377022e+03 5.847001556679132591e+03 5.867551087857570565e+03
5.318447226062491609e+03 5.388761342034906193e+03 5.459810339003171975e+03 5.518006884607274515e+03 5.567959999781472106e+03 5.609985649493040910e+03 5.639656565786493047e+03 5.668439797300509781e+03 5.687095578889197895e+03 5.711931195644471700e+03 5.731901263226096489e+03 5.753541874268433276e+03 5.775789017862547553e+03 5.795388207029704972e+03 5.810116429124643219e+03 5.831193654192192298e+03 5.843668008158592784e+03 5.855542434134842551e+03 5.856361669004852956e+03 5.853407409751393971e+03 5.851767251586704333e+03 5.867990464090269597e+03
5.325109575639141440e+03 5.405515550080320281e+03 5.474766436888064163e+03 5.542682592968861172e+03 5.586198234777412836e+03 5.630466557039058898e+03 5.661088046986630616e+03 5.687906030166685923e+03 5.702604100179303714e+03 5.725007916083783130e+03 5.741352732565386759e+03 5.764837066071600020e+03 5.786195016006215155e+03 5.808214815235040987e+03 5.822611661473518325e+03 5.838300214713361129e+03 5.854377585844619716e+03 5.864485371020597995e+03 5.864485962785362972e+03 5.862482995092321289e+03 5.858009343798507871e+03 5.856264378632966327e+03
5.346799376111024685e+03 5.436917330942640547e+03 5.503201088685342256e+03 5.562213173463508610e+03 5.606023352817776868e+03 5.644547476474566793e+03 5.674718022537729667e+03 5.700417971451226549e+03 5.716852429086258780e+03 5.736201988251945295e+03 5.754223679837896270e+03 5.771087147872671267e+03 5.793141415525507909e+03 5.814895313945350608e+03 5.828475875485709366e+03 5.844301413682434031e+03 5.858226131461740806e+03 5.869974621557289538e+03 5.879399929645465818e+03 5.875570772117780507e+03 5.875370567230324014e+03 5.874984396638181352e+03
5.375151197537256849e+03 5.463449957450645343e+03 5.523218413455571863e+03 5.569361271703115563e+03 5.608653860835293926e+03 5.638962745872031519e+03 5.668664569308757564e+03 5.695662453439378623e+03 5.722088329188987700e+03 5.745518811625216586e+03 5.762457147986088785e+03 5.781726095688525675e+03 5.800602761800962071e+03 5.817739668101873576e+03 5.830589621175880893e+03 5.846463799653351089e+03 5.859168791052315100e+03 5.871623005909628773e+03 5.881327230010518178e+03 5.876688253266354877e+03 5.878425860347698290e+03 5.869668133313129147e+03
5.404927981890780757e+03 5.474490820178396461e+03 5.536213707055362647e+03 5.575231943744144701e+03 5.607289940884221323e+03 5.634849065966115631e+03 5.664554427513331575e+03 5.690494845720452759e+03 5.721658979042819738e+03 5.750912819962098183e+03 5.771774039182168053e+03 5.790146683393372768e+03 5.807488375723858553e+03 5.822092731514288062e+03 5.830151120178754354e+03 5.841821398200458134e+03 5.857891159519823304e+03 5.871435595731636568e+03 5.872556068763363328e+03 5.873926285460491272e+03 5.874012085905308595e+03 5.873828678408561245e+03
5.435463371877906866e+03 5.493022996521981440e+03 5.537452695954362753e+03 5.573097061637240586e+03 5.603388390325077125e+03 5.629481941664240367e+03 5.655522026794812518e+03 5.685537149380308620e+03 5.719742066276115111e+03 5.749474329834572018e+03 5.777816019671277900e+03 5.794184734224894783e+03 5.810435152574723361e+03 5.825372143001470249e+03 5.839086123605943612e+03 5.852882409940360958e+03 5.867768996125684680e+03 5.879054096672040032e+03 5.880192978189767018e+03 5.879365056166814611e+03 5.877566236618004950e+03 5.875980413938950733e+03
5.465461897931815656e+03 5.509135544263551310e+03 5.530754292604715374e+03 5.565431694758767662e+03 5.600417656111428187e+03 5.631536276517201259e+03 5.648117763535514314e+03 5.678831734508852605e+03 5.719608323706495867e+03 5.747078704263542022e+03 5.777664305524073825e+03 5.795583000277221799e+03 5.810546107996735373e+03 5.829322908749963972e+03 5.853185936822126678e+03 5.865727721483601272e+03 5.877453057524649921e+03 5.887478144429861459e+03 5.886350266690901663e+03 5.883128245683124987e+03 5.879510765723101031e+03 5.876687238450473160e+03
