-1.209333266776775417e+01
-1.212803209393314319e+00
-6.381181339089380344e+00
-2.758010456126976351e+01
7.370893970178258314e+00
2.766203608871364850e+01
nan
7.895466795013453520e+01
6.106306983211925399e+01
7.402616456172927428e+01
nan
-7.040377812027145410e-01
7.149684156844341487e+01
-8.178525584189628717e-01
1.929959666018921780e+02
-5.556184347113230615e+00
4.954469509948467021e-01
4.164101440998456383e+01
1.049235224689691677e+02
1.065517368325799907e+01
1.033610232228875248e+01
-9.171368890053599898e+00
1.177438915111424649e+02
-1.763903584057607077e+01
3.935579534878979757e+01
5.511706955870977254e+00
1.848684966781547701e+01
-4.324917427933542058e+00
1.417749323914513297e+02
2.321829340608019265e+00
1.540676753771194853e+02
-6.137303902898565866e+00
-4.653545480272441637e+00
3.116790873108038795e+01
7.076778305493007792e+01
-2.680926666553114046e+01
3.074041209810275177e+00
1.442190115416815388e+01
1.468141949804603428e+02
-4.796441460305686633e+00
5.778986989951590658e+00
-2.131062739279514062e+00
3.302124882868156419e+00
-3.614334412308926403e+01
1.800568679468087794e+02
7.971284485018259147e+00
5.771354943401092896e+00
-1.019670130885697290e+01
2.301362182000175380e+02
7.970799359673037543e-01
1.017156644547867472e+00
-3.581313603252147004e+01
-3.074283249790278205e+01
1.103843374054849846e+01
6.619433582561214280e+00
-8.678545233763543365e+00
1.302052682777502923e+01
2.110779726074724749e+00
-7.045428006418660516e+00
-5.975644143698445987e+00
2.752002743280536379e+01
3.748034723778800981e+00
3.996536440419640712e+01
4.892730865138219087e+00
2.081785450576717267e+01
-1.795883689843140019e+01
2.290087783809212851e+00
3.257583054590213578e+00
-7.587901835189768462e+00
1.847803479149206396e+01
-2.244653331771587546e+00
7.847672319418052211e+00
-5.520836506862906390e+00
-2.811618116133104195e+00
5.207914519846781332e+00
1.402169076216523536e+01
nan
-5.103400069177951082e+00
3.546819204593703034e-01
nan
nan
-8.263688822098629316e-01
3.878420819382881746e+00
-6.353516132552613271e+00
1.290153931344684679e+01
-9.217425881760391349e+00
-2.271687240863684565e-02
-4.945600992238541949e+01
-7.930012854513734055e+00
-1.123588154679055151e+01
-2.654298995097633451e+00
-7.378519352387229446e+00
-1.014710080008990190e+01
-1.813461193992479821e+02
-2.819829967405894422e+01
1.281214237093990960e+01
1.416236245394793514e+01
-2.626853139122431458e+00
-4.071366958096405142e+00
-1.289014855074310617e+01
2.036218142472716863e+01
1.253693924529852666e+01
1.634089903372114350e+00
1.417910634125228171e+02
4.242197492087143473e+00
1.190955764801174155e+02
1.552619912205864239e+01
-5.692648183079654700e+00
-1.096717717215142329e+00
8.357921586140946602e+00
-5.849607461580490053e+00
-2.666622479368015775e+00
-1.674830699390804511e+01
4.860150514066845062e+00
nan
-8.379738840285426704e-01
6.542114732161280699e+00
-1.590094920220144559e+01
1.392875908418318431e+00
-1.290412371390812041e+01
-2.693732146040929365e+00
nan
-5.634758566866366891e-01
-5.842319169449183391e+00
-1.377408254322745051e+01
-2.104661549132015352e+01
-1.199584371199944144e+01
-1.613764234673089959e+01
6.869176078311284073e+00
9.315622263770819700e+00
3.040181194748583948e+00
5.529788061166073021e+01
2.354868846948193095e+00
8.159008615547463705e+00
-9.551844111689206329e+00
