-1.332860312259981583e+00
-2.174684576731124253e+00
-3.985441549084498547e+00
-1.542953243450938317e+01
5.269353878505171451e+00
2.250649811004677758e+01
nan
7.506287524382605625e+01
5.520854101071563491e+01
7.358880136578045494e+01
nan
9.421496373861373286e-01
6.559828255409775011e+01
4.088175912802398670e-01
1.870674677351007631e+02
-6.196563440538739087e+00
7.985992015455849469e-01
4.440617512912558595e+01
1.067445208636254392e+02
5.997549046387575800e+00
5.303088162023414043e+00
-1.339654039897141047e+00
1.196285808208194794e+02
-1.693103937622981903e+01
4.073316941503071575e+01
5.166182308000315970e+00
1.232380174730042199e+01
-1.568488217080812319e-01
1.443950893461396845e+02
1.162968071366776712e+00
1.571861068288226306e+02
-6.143145892696338706e+00
-1.301606932561298891e+00
2.560887995156372199e+01
7.268022608055071032e+01
-2.543292863517399383e+01
5.073396983139900840e+00
7.887672036986259627e+00
1.508614453588570541e+02
5.880280643250443973e-01
-2.054949467665210250e+00
-9.062366353919060202e-01
9.550759934300003806e-01
-4.112670088008144376e+01
1.816815298107358103e+02
6.542726856027911708e+00
1.677339619755002786e+00
9.436785956850144430e-01
2.338998060298235941e+02
-3.154751342754025245e-02
2.443287932434031973e+00
-3.882886328211316140e+01
-2.512077399118970789e+01
1.376520334620545327e+01
9.883888201602530899e-01
-8.941870294220279902e-01
1.648150714540315676e+01
-1.070572932813774969e+00
-3.830991569922844064e+00
1.028648526696997578e+00
1.207538743152053939e+01
2.979376627296915103e+00
4.103808354496231914e+01
1.837544703046660288e+00
9.130829901526340109e+00
-5.904358019843130023e-01
3.657881579070817679e+00
2.695454929556944990e+00
-2.765147458961109805e+00
1.298529639853313711e+01
-2.544998978723924665e+00
3.637868021502981719e+00
-5.083053745205688756e+00
-2.850194028915211675e+00
5.426806886362101068e+00
6.483562047193117905e+00
nan
-3.728436756709925248e+00
-3.553429278874318697e+00
nan
nan
-3.020180294210149441e+00
-1.961594368487567408e+00
-2.772442741897975793e-01
1.004041748051349714e+01
-2.324891379306791350e+00
2.748152336711427779e+00
-5.852588443350487069e+01
-8.309674931679182919e+00
-8.026753929440019419e+00
-2.939377462575066602e+00
-7.889614085709581559e+00
-4.825366290981037309e+00
-2.106480102624354913e+02
-3.141156944462818501e+01
1.150698681513677002e+01
3.823961901121947449e+00
-2.696342251819260127e+00
-4.553008427009444858e+00
-1.482838767008797731e+01
1.044202192000466312e+01
9.147063534055632772e-02
-2.180344827229419025e-01
1.463609681868347252e+02
1.191915727395098656e+00
1.229867618284997661e+02
3.774008354998841241e+00
-2.583369513112302229e+00
-2.035990891783512780e+00
5.296466117068121093e+00
-4.101394666146006784e+00
5.193231878602091456e-01
-1.313015573752272758e+01
3.448346411179045390e+00
nan
1.925240366305843054e+00
2.561629167847058852e+00
-9.217094646575787920e+00
1.587855105390190147e-02
-6.611435863751466968e+00
4.503578855612431653e+00
nan
-2.809049040949503251e+00
-3.787369706305071304e+00
-1.711050436887944670e+01
-3.687949673259936390e+00
-2.074450200239880360e+00
3.081267009209113894e+00
3.542152431085924036e+00
2.165857958478227374e+00
1.758537101262845681e+00
6.624460326058579085e+01
2.228415687509368581e+00
7.178149466738432238e+00
-1.166779381538799498e+01
